5000 0.4999 1.000000287 1.601221341e-05
10000 0.9999 1.000000442 1.672189345e-05
15000 1.4999 1.000000595 1.674894933e-05
20000 1.9999 1.000000747 1.674996222e-05
25000 2.4999 1.000000899 1.675000011e-05
30000 2.9999 1.000001051 1.675000153e-05
35000 3.4999 1.000001203 1.675000158e-05
40000 3.9999 1.000001356 1.675000159e-05
45000 4.4999 1.000001508 1.675000159e-05
50000 4.9999 1.00000166 1.675000159e-05
55000 5.4999 1.000001812 1.675000159e-05
60000 5.9999 1.000001964 1.675000159e-05
65000 6.4999 1.000002117 1.675000159e-05
70000 6.9999 1.000002269 1.675000159e-05
75000 7.4999 1.000002421 1.675000159e-05
80000 7.9999 1.000002573 1.675000159e-05
85000 8.4999 1.000002726 1.675000159e-05
90000 8.9999 1.000002878 1.675000159e-05
95000 9.4999 1.00000303 1.675000159e-05
100000 9.9999 1.000003182 1.675000159e-05
105000 10.4999 1.000003334 1.675000159e-05
110000 10.9999 1.000003487 1.675000159e-05
115000 11.4999 1.000003639 1.675000159e-05
120000 11.9999 1.000003791 1.675000159e-05
125000 12.4999 1.000003943 1.675000159e-05
130000 12.9999 1.000004095 1.675000159e-05
135000 13.4999 1.000004248 1.675000159e-05
140000 13.9999 1.0000044 1.675000159e-05
145000 14.4999 1.000004552 1.675000159e-05
150000 14.9999 1.000004704 1.675000159e-05
155000 15.4999 1.000004856 1.675000159e-05
160000 15.9999 1.000005009 1.675000159e-05
165000 16.4999 1.000005161 1.675000159e-05
170000 16.9999 1.000005313 1.675000159e-05
175000 17.4999 1.000005465 1.675000159e-05
180000 17.9999 1.000005617 1.675000159e-05
185000 18.4999 1.00000577 1.675000159e-05
190000 18.9999 1.000005922 1.675000159e-05
195000 19.4999 1.000006074 1.675000159e-05
200000 19.9999 1.000006226 1.675000159e-05
205000 20.4999 1.000006378 1.675000159e-05
210000 20.9999 1.000006531 1.675000159e-05
215000 21.4999 1.000006683 1.675000159e-05
220000 21.9999 1.000006835 1.675000159e-05
225000 22.4999 1.000006987 1.675000159e-05
230000 22.9999 1.00000714 1.675000159e-05
235000 23.4999 1.000007292 1.675000159e-05
240000 23.9999 1.000007444 1.675000159e-05
245000 24.4999 1.000007596 1.675000159e-05
250000 24.9999 1.000007748 1.675000159e-05
255000 25.4999 1.000007901 1.675000159e-05
260000 25.9999 1.000008053 1.675000159e-05
265000 26.4999 1.000008205 1.675000159e-05
270000 26.9999 1.000008357 1.675000159e-05
275000 27.4999 1.000008509 1.675000159e-05
280000 27.9999 1.000008662 1.675000159e-05
285000 28.4999 1.000008814 1.675000159e-05
290000 28.9999 1.000008966 1.675000159e-05
295000 29.4999 1.000009118 1.675000159e-05
300000 29.9999 1.00000927 1.675000159e-05
305000 30.4999 1.000009423 1.675000159e-05
310000 30.9999 1.000009575 1.675000159e-05
315000 31.4999 1.000009727 1.675000159e-05
320000 31.9999 1.000009879 1.675000159e-05
325000 32.4999 1.000010031 1.675000159e-05
330000 32.9999 1.000010184 1.675000159e-05
335000 33.4999 1.000010336 1.675000159e-05
340000 33.9999 1.000010488 1.675000159e-05
345000 34.4999 1.00001064 1.675000159e-05
350000 34.9999 1.000010792 1.675000159e-05
355000 35.4999 1.000010945 1.675000159e-05
360000 35.9999 1.000011097 1.675000159e-05
365000 36.4999 1.000011249 1.675000159e-05
370000 36.9999 1.000011401 1.675000159e-05
375000 37.4999 1.000011554 1.675000159e-05
380000 37.9999 1.000011706 1.675000159e-05
385000 38.4999 1.000011858 1.675000159e-05
390000 38.9999 1.00001201 1.675000159e-05
395000 39.4999 1.000012162 1.675000159e-05
400000 39.9999 1.000012315 1.675000159e-05
405000 40.4999 1.000012467 1.675000159e-05
410000 40.9999 1.000012619 1.675000159e-05
415000 41.4999 1.000012771 1.675000159e-05
420000 41.9999 1.000012923 1.675000159e-05
425000 42.4999 1.000013076 1.675000159e-05
430000 42.9999 1.000013228 1.675000159e-05
435000 43.4999 1.00001338 1.675000159e-05
440000 43.9999 1.000013532 1.675000159e-05
445000 44.4999 1.000013684 1.675000159e-05
450000 44.9999 1.000013837 1.675000159e-05
455000 45.4999 1.000013989 1.675000159e-05
460000 45.9999 1.000014141 1.675000159e-05
465000 46.4999 1.000014293 1.675000159e-05
470000 46.9999 1.000014445 1.675000159e-05
475000 47.4999 1.000014598 1.675000159e-05
480000 47.9999 1.00001475 1.675000159e-05
485000 48.4999 1.000014902 1.675000159e-05
490000 48.9999 1.000015054 1.675000159e-05
495000 49.4999 1.000015207 1.675000159e-05
500000 49.9999 1.000015359 1.675000159e-05
505000 50.4999 1.000015511 1.675000159e-05
510000 50.9999 1.000015663 1.675000159e-05
515000 51.4999 1.000015815 1.675000159e-05
520000 51.9999 1.000015968 1.675000159e-05
525000 52.4999 1.00001612 1.675000159e-05
530000 52.9999 1.000016272 1.675000159e-05
535000 53.4999 1.000016424 1.675000159e-05
540000 53.9999 1.000016576 1.675000159e-05
545000 54.4999 1.000016729 1.675000159e-05
550000 54.9999 1.000016881 1.675000159e-05
555000 55.4999 1.000017033 1.675000159e-05
560000 55.9999 1.000017185 1.675000159e-05
565000 56.4999 1.000017337 1.675000159e-05
570000 56.9999 1.00001749 1.675000159e-05
575000 57.4999 1.000017642 1.675000159e-05
580000 57.9999 1.000017794 1.675000159e-05
585000 58.4999 1.000017946 1.675000159e-05
590000 58.9999 1.000018098 1.675000159e-05
595000 59.4999 1.000018251 1.675000159e-05
600000 59.9999 1.000018403 1.675000159e-05
605000 60.4999 1.000018555 1.675000159e-05
610000 60.9999 1.000018707 1.675000159e-05
615000 61.4999 1.00001886 1.675000159e-05
620000 61.9999 1.000019012 1.675000159e-05
625000 62.4999 1.000019164 1.675000159e-05
630000 62.9999 1.000019316 1.675000159e-05
635000 63.4999 1.000019468 1.675000159e-05
640000 63.9999 1.000019621 1.675000159e-05
645000 64.4999 1.000019773 1.675000159e-05
650000 64.9999 1.000019925 1.675000159e-05
655000 65.4999 1.000020077 1.675000159e-05
660000 65.9999 1.000020229 1.675000159e-05
665000 66.4999 1.000020382 1.675000159e-05
670000 66.9999 1.000020534 1.675000159e-05
675000 67.4999 1.000020686 1.675000159e-05
680000 67.9999 1.000020838 1.675000159e-05
685000 68.4999 1.00002099 1.675000159e-05
690000 68.9999 1.000021143 1.675000159e-05
695000 69.4999 1.000021295 1.675000159e-05
700000 69.9999 1.000021447 1.675000159e-05
705000 70.4999 1.000021599 1.675000159e-05
710000 70.9999 1.000021751 1.675000159e-05
715000 71.4999 1.000021904 1.675000159e-05
720000 71.9999 1.000022056 1.675000159e-05
725000 72.4999 1.000022208 1.675000159e-05
730000 72.9999 1.00002236 1.675000159e-05
735000 73.4999 1.000022513 1.675000159e-05
740000 73.9999 1.000022665 1.675000159e-05
745000 74.4999 1.000022817 1.675000159e-05
750000 74.9999 1.000022969 1.675000159e-05
755000 75.4999 1.000023121 1.675000159e-05
760000 75.9999 1.000023274 1.675000159e-05
765000 76.4999 1.000023426 1.675000159e-05
770000 76.9999 1.000023578 1.675000159e-05
775000 77.4999 1.00002373 1.675000159e-05
780000 77.9999 1.000023882 1.675000159e-05
785000 78.4999 1.000024035 1.675000159e-05
790000 78.9999 1.000024187 1.675000159e-05
795000 79.4999 1.000024339 1.675000159e-05
800000 79.9999 1.000024491 1.675000159e-05
805000 80.4999 1.000024643 1.675000159e-05
810000 80.9999 1.000024796 1.675000159e-05
815000 81.4999 1.000024948 1.675000159e-05
820000 81.9999 1.0000251 1.675000159e-05
825000 82.4999 1.000025252 1.675000159e-05
830000 82.9999 1.000025405 1.675000159e-05
835000 83.4999 1.000025557 1.675000159e-05
840000 83.9999 1.000025709 1.675000159e-05
845000 84.4999 1.000025861 1.675000159e-05
850000 84.9999 1.000026013 1.675000159e-05
855000 85.4999 1.000026166 1.675000159e-05
860000 85.9999 1.000026318 1.675000159e-05
865000 86.4999 1.00002647 1.675000159e-05
870000 86.9999 1.000026622 1.675000159e-05
875000 87.4999 1.000026774 1.675000159e-05
880000 87.9999 1.000026927 1.675000159e-05
885000 88.4999 1.000027079 1.675000159e-05
890000 88.9999 1.000027231 1.675000159e-05
895000 89.4999 1.000027383 1.675000159e-05
900000 89.9999 1.000027535 1.675000159e-05
905000 90.4999 1.000027688 1.675000159e-05
910000 90.9999 1.00002784 1.675000159e-05
915000 91.4999 1.000027992 1.675000159e-05
920000 91.9999 1.000028144 1.675000159e-05
925000 92.4999 1.000028296 1.675000159e-05
930000 92.9999 1.000028449 1.675000159e-05
935000 93.4999 1.000028601 1.675000159e-05
940000 93.9999 1.000028753 1.675000159e-05
945000 94.4999 1.000028905 1.675000159e-05
950000 94.9999 1.000029058 1.675000159e-05
955000 95.4999 1.00002921 1.675000159e-05
960000 95.9999 1.000029362 1.675000159e-05
965000 96.4999 1.000029514 1.675000159e-05
970000 96.9999 1.000029666 1.675000159e-05
975000 97.4999 1.000029819 1.675000159e-05
980000 97.9999 1.000029971 1.675000159e-05
985000 98.4999 1.000030123 1.675000159e-05
990000 98.9999 1.000030275 1.675000159e-05
995000 99.4999 1.000030427 1.675000159e-05
1000000 99.9999 1.00003058 1.675000159e-05
